%!PS-Adobe-3.0 EPSF-3.0
%%HiResBoundingBox: 0 0 625.92 625.92
%%BoundingBox: 0 0 626 626
%%Creator: Serif Affinity
%LanguageLevel: 3
%%DocumentData: Clean7Bit
%%EndComments
%%BeginProlog
101 dict begin
/m/moveto
/L/rlineto
/C/rcurveto
/q/gsave
/Q/grestore
/n/newpath
/h/closepath
/f/fill
/f*/eofill
/S/stroke
/w/setlinewidth
/J/setlinecap
/j/setlinejoin
/ml/setmiterlimit
/d/setdash
/sc/setcolor
/scs/setcolorspace
17{load def}repeat
%%EndProlog
q
/DeviceRGB scs
n
275.14 563.006 m
0 32.388 16.956 58.682 37.841 58.682 C
20.885 0 37.841 -26.294 37.841 -58.682 C
9.522 30.949 33.455 51.064 53.413 44.892 C
19.957 -6.171 28.429 -36.308 18.907 -67.257 C
18.198 26.76 46.982 38.909 64.238 27.114 C
17.256 -11.795 16.491 -43.097 -1.706 -69.857 C
25.256 20.193 56.333 23.297 69.355 6.926 C
13.021 -16.37 3.088 -46.055 -22.168 -66.248 C
30.071 11.832 60.68 5.614 68.31 -13.877 C
7.63 -19.492 -10.589 -44.923 -40.66 -56.755 C
32.214 2.42 59.634 -12.567 61.195 -33.447 C
1.561 -20.88 -23.326 -39.797 -55.54 -42.218 C
31.495 -7.206 53.291 -29.631 48.644 -50.045 C
-4.648 -20.413 -33.99 -31.136 -65.484 -23.929 C
27.976 -16.194 42.211 -44.063 31.768 -62.196 C
-10.442 -18.134 -41.633 -19.709 -69.61 -3.515 C
21.973 -23.742 27.382 -54.579 12.072 -68.821 C
-15.31 -14.242 -45.578 -6.53 -67.551 17.212 C
14.017 -29.18 10.119 -60.247 -8.697 -69.331 C
-18.817 -9.085 -45.474 7.229 -59.49 36.409 C
4.815 -32.026 -8.043 -60.56 -28.695 -63.681 C
-20.651 -3.12 -41.327 20.347 -46.142 52.372 C
-4.814 -32.025 -25.49 -55.492 -46.142 -52.372 C
-20.652 3.121 -33.509 31.655 -28.695 63.681 C
-14.016 -29.18 -40.672 -45.494 -59.489 -36.409 C
-18.817 9.084 -22.714 40.151 -8.698 69.331 C
-21.972 -23.742 -52.241 -31.454 -67.551 -17.212 C
-15.31 14.242 -9.9 45.079 12.072 68.821 C
-27.976 -16.194 -59.167 -14.619 -69.61 3.515 C
-10.442 18.133 3.793 46.002 31.769 62.196 C
-31.494 -7.207 -60.837 3.516 -65.484 23.929 C
-4.648 20.414 17.149 42.839 48.643 50.045 C
-32.214 2.421 -57.1 21.338 -55.54 42.218 C
1.561 20.88 28.982 35.867 61.196 33.447 C
-30.071 11.832 -48.291 37.263 -40.66 56.755 C
7.63 19.491 38.238 25.709 68.31 13.877 C
-25.257 20.193 -35.19 49.878 -22.168 66.248 C
13.021 16.371 44.098 13.267 69.355 -6.926 C
-18.198 26.76 -18.962 58.062 -1.706 69.857 C
17.256 11.795 46.04 -0.354 64.237 -27.114 C
-9.522 30.949 -1.049 61.086 18.908 67.257 C
19.957 6.172 43.89 -13.943 53.412 -44.892 C
h
0.969 0.749 0.604 sc
f*
272.63 579.696 m
-5.342 10.279 -12.27 18.673 -19.812 24.423 C
-10.313 7.864 -21.806 10.837 -32.272 7.601 C
-10.461 -3.235 -18.283 -12.177 -22.384 -24.49 C
-3.003 -9.015 -4.011 -19.87 -2.647 -31.386 C
-8.131 8.248 -17.225 14.224 -26.127 17.49 C
-12.164 4.462 -24.015 3.907 -33.062 -2.277 C
-9.04 -6.179 -13.883 -17.025 -14.186 -29.994 C
-0.222 -9.51 2.007 -20.191 6.703 -30.802 C
-10.204 5.485 -20.662 8.51 -30.137 8.998 C
-12.926 0.665 -24.079 -3.366 -30.903 -11.945 C
-6.817 -8.57 -8.257 -20.358 -4.74 -32.832 C
2.583 -9.161 7.857 -18.719 15.473 -27.479 C
-11.375 2.23 -22.268 2.03 -31.472 -0.309 C
-12.537 -3.186 -22.001 -10.33 -25.997 -20.537 C
-3.993 -10.201 -1.906 -21.885 5.116 -32.762 C
5.163 -7.997 13.018 -15.577 22.878 -21.702 C
-11.534 -1.23 -21.891 -4.643 -30.003 -9.603 C
-11.035 -6.747 -17.974 -16.366 -18.79 -27.295 C
-0.817 -10.927 4.613 -21.475 14.52 -29.794 C
7.284 -6.118 17.02 -11.041 28.244 -13.981 C
-10.662 -4.583 -19.557 -10.906 -25.851 -18.044 C
-8.559 -9.706 -12.36 -20.947 -9.928 -31.63 C
2.433 -10.687 10.726 -19.164 22.645 -24.187 C
8.756 -3.69 19.502 -5.517 31.086 -5.011 C
-8.837 -7.527 -15.476 -16.193 -19.391 -24.87 C
-5.329 -11.806 -5.657 -23.674 -0.191 -33.165 C
5.47 -9.499 15.895 -15.151 28.77 -16.426 C
9.446 -0.936 20.242 0.493 31.153 4.395 C
-6.225 -9.796 -10.018 -20.03 -11.211 -29.471 C
-1.626 -12.864 1.551 -24.309 9.568 -31.767 C
8.025 -7.465 19.658 -9.785 32.345 -7.193 C
9.292 1.899 19.178 6.451 28.448 13.396 C
-3.064 -11.189 -3.68 -22.078 -2.049 -31.445 C
2.226 -12.784 8.63 -22.79 18.49 -27.551 C
9.867 -4.764 21.672 -3.541 33.038 2.692 C
8.314 4.56 16.415 11.826 23.227 21.193 C
0.363 -11.587 2.973 -22.166 7.28 -30.63 C
5.887 -11.567 14.953 -19.243 25.781 -20.879 C
10.83 -1.636 21.752 3.021 30.781 12.338 C
6.602 6.814 12.205 16.149 15.958 27.11 C
3.754 -10.961 9.357 -20.296 15.959 -27.11 C
9.028 -9.317 19.95 -13.974 30.781 -12.338 C
10.828 1.636 19.893 9.312 25.78 20.879 C
4.308 8.464 6.918 19.043 7.281 30.63 C
6.811 -9.367 14.913 -16.633 23.227 -21.193 C
11.366 -6.233 23.17 -7.456 33.038 -2.692 C
9.86 4.761 16.263 14.767 18.49 27.551 C
1.631 9.367 1.014 20.256 -2.049 31.445 C
9.27 -6.945 19.156 -11.497 28.448 -13.396 C
12.687 -2.592 24.32 -0.272 32.345 7.193 C
8.017 7.458 11.194 18.903 9.568 31.767 C
-1.193 9.441 -4.987 19.675 -11.211 29.471 C
10.911 -3.902 21.707 -5.331 31.152 -4.395 C
12.875 1.275 23.301 6.927 28.771 16.426 C
5.466 9.491 5.138 21.359 -0.191 33.165 C
-3.916 8.677 -10.555 17.343 -19.392 24.87 C
11.584 -0.506 22.33 1.321 31.087 5.011 C
11.918 5.023 20.212 13.5 22.645 24.187 C
2.432 10.683 -1.369 21.924 -9.928 31.63 C
-6.294 7.138 -15.19 13.461 -25.851 18.044 C
11.223 2.94 20.959 7.863 28.244 13.981 C
9.907 8.319 15.337 18.867 14.52 29.794 C
-0.817 10.929 -7.756 20.548 -18.791 27.295 C
-8.111 4.96 -18.469 8.373 -30.002 9.603 C
9.86 6.125 17.715 13.705 22.877 21.702 C
7.022 10.877 9.11 22.561 5.117 32.762 C
-3.996 10.207 -13.461 17.351 -25.997 20.537 C
-9.205 2.339 -20.098 2.539 -31.472 0.309 C
7.615 8.76 12.89 18.318 15.473 27.479 C
3.516 12.474 2.076 24.262 -4.741 32.832 C
-6.823 8.579 -17.977 12.61 -30.903 11.945 C
-9.475 -0.488 -19.932 -3.513 -30.136 -8.998 C
4.696 10.611 6.925 21.292 6.703 30.802 C
-0.303 12.969 -5.147 23.815 -14.186 29.994 C
-9.047 6.184 -20.899 6.739 -33.062 2.277 C
-8.902 -3.266 -17.997 -9.242 -26.128 -17.49 C
1.365 11.516 0.357 22.371 -2.646 31.386 C
-4.102 12.313 -11.924 21.255 -22.385 24.49 C
-10.466 3.236 -21.958 0.263 -32.271 -7.601 C
-7.542 -5.75 -14.471 -14.144 -19.812 -24.423 C
-2.082 11.401 -6.235 21.47 -11.751 29.194 C
-7.542 10.561 -17.649 16.798 -28.601 16.798 C
-10.952 0 -21.059 -6.237 -28.601 -16.798 C
-5.516 -7.724 -9.668 -17.793 -11.75 -29.194 C
0 0 0 0 0 0 C
h
271.317 561.83 m
0.582 -1.892 2.46 -3.074 4.418 -2.779 C
1.957 0.294 3.405 1.976 3.405 3.955 C
0 16.345 4.492 31.071 11.751 41.235 C
5.88 8.234 13.551 13.447 22.09 13.447 C
8.539 0 16.211 -5.213 22.091 -13.447 C
7.258 -10.164 11.75 -24.89 11.75 -41.235 C
0 -1.979 1.448 -3.661 3.406 -3.955 C
1.957 -0.295 3.835 0.887 4.417 2.779 C
4.806 15.618 13.427 28.361 23.351 35.928 C
8.038 6.129 16.899 8.842 25.057 6.319 C
8.16 -2.524 13.958 -9.77 17.158 -19.376 C
3.95 -11.858 3.915 -27.261 -0.892 -42.884 C
-0.582 -1.891 0.307 -3.924 2.091 -4.781 C
1.784 -0.857 3.927 -0.281 5.04 1.356 C
9.184 13.506 21.172 23.136 32.88 27.431 C
9.48 3.478 18.741 3.449 25.793 -1.37 C
7.053 -4.822 10.466 -13.457 10.702 -23.577 C
0.292 -12.502 -4.27 -27.216 -13.459 -40.728 C
-1.113 -1.637 -0.862 -3.841 0.591 -5.185 C
1.452 -1.344 3.669 -1.425 5.215 -0.189 C
12.751 10.195 27.041 15.854 39.495 16.495 C
10.076 0.519 18.912 -2.248 24.231 -8.935 C
5.321 -6.689 6.047 -15.944 3.302 -25.681 C
-3.393 -12.036 -12.079 -24.753 -24.837 -34.953 C
-1.545 -1.236 -1.955 -3.416 -0.964 -5.128 C
0.991 -1.713 3.085 -2.443 4.926 -1.719 C
15.188 5.976 30.513 7.159 42.603 4.087 C
9.776 -2.484 17.402 -7.74 20.518 -15.7 C
3.117 -7.961 1.093 -17.016 -4.388 -25.507 C
-6.779 -10.501 -18.819 -20.089 -34.012 -26.067 C
-1.841 -0.724 -2.876 -2.686 -2.435 -4.614 C
0.442 -1.929 2.227 -3.245 4.199 -3.097 C
16.274 1.223 31.27 -2.178 41.921 -8.69 C
8.609 -5.264 14.349 -12.54 14.986 -21.066 C
0.638 -8.527 -3.956 -16.58 -11.687 -23.072 C
-9.564 -8.032 -23.888 -13.636 -40.163 -14.859 C
-1.973 -0.148 -3.541 -1.716 -3.689 -3.689 C
-0.149 -1.973 1.168 -3.758 3.096 -4.199 C
15.912 -3.641 29.243 -11.323 37.507 -20.695 C
6.68 -7.575 10.026 -16.225 8.128 -24.563 C
-1.897 -8.336 -8.655 -14.673 -17.951 -18.591 C
-11.5 -4.846 -26.832 -5.967 -42.74 -2.327 C
-1.929 0.442 -3.89 -0.593 -4.615 -2.434 C
-0.724 -1.842 0.006 -3.936 1.719 -4.927 C
14.133 -8.181 24.613 -19.46 29.756 -30.856 C
4.16 -9.216 4.816 -18.474 0.55 -25.882 C
-4.265 -7.406 -12.588 -11.463 -22.626 -12.457 C
-12.412 -1.23 -27.387 2.231 -41.514 10.408 C
-1.712 0.991 -3.892 0.581 -5.128 -0.964 C
-1.236 -1.546 -1.155 -3.763 0.189 -5.215 C
11.097 -11.991 17.795 -25.861 19.363 -38.268 C
1.269 -10.041 -0.823 -19.087 -7.08 -24.908 C
-6.255 -5.818 -15.406 -7.232 -25.294 -5.212 C
-12.218 2.497 -25.505 10.228 -36.597 22.213 C
-1.344 1.452 -3.549 1.703 -5.185 0.59 C
-1.637 -1.113 -2.213 -3.255 -1.356 -5.039 C
7.076 -14.733 9.4 -29.96 7.255 -42.278 C
-1.737 -9.975 -6.394 -18.005 -14.087 -21.719 C
-7.69 -3.713 -16.854 -2.356 -25.712 2.501 C
-10.939 5.999 -21.359 17.312 -28.432 32.038 C
-0.857 1.784 -2.89 2.673 -4.782 2.091 C
-1.892 -0.582 -3.074 -2.46 -2.779 -4.418 C
2.43 -16.164 0.176 -31.397 -5.491 -42.533 C
-4.591 -9.021 -11.402 -15.322 -19.846 -16.598 C
-8.443 -1.275 -16.803 2.732 -23.841 9.996 C
-8.688 8.965 -15.318 22.854 -17.748 39.016 C
-0.294 1.957 -1.976 3.405 -3.956 3.405 C
-1.979 0 -3.661 -1.448 -3.955 -3.405 C
-2.43 -16.162 -9.061 -30.051 -17.748 -39.016 C
-7.038 -7.264 -15.398 -11.271 -23.841 -9.996 C
-8.444 1.276 -15.255 7.577 -19.846 16.598 C
-5.667 11.136 -7.921 26.369 -5.491 42.533 C
0.294 1.958 -0.887 3.836 -2.779 4.418 C
-1.892 0.582 -3.925 -0.307 -4.782 -2.091 C
-7.074 -14.726 -17.494 -26.039 -28.432 -32.038 C
-8.858 -4.857 -18.022 -6.214 -25.713 -2.501 C
-7.693 3.714 -12.35 11.744 -14.087 21.719 C
-2.145 12.318 0.179 27.545 7.256 42.278 C
0.857 1.784 0.28 3.926 -1.356 5.039 C
-1.637 1.113 -3.841 0.862 -5.186 -0.59 C
-11.091 -11.985 -24.378 -19.716 -36.596 -22.213 C
-9.888 -2.02 -19.04 -0.606 -25.294 5.212 C
-6.258 5.821 -8.349 14.867 -7.081 24.908 C
1.568 12.407 8.267 26.277 19.364 38.268 C
1.344 1.452 1.424 3.669 0.188 5.215 C
-1.235 1.545 -3.415 1.955 -5.128 0.964 C
-14.127 -8.177 -29.102 -11.638 -41.513 -10.408 C
-10.038 0.994 -18.362 5.051 -22.627 12.457 C
-4.266 7.408 -3.609 16.666 0.55 25.882 C
5.144 11.396 15.624 22.675 29.757 30.856 C
1.712 0.991 2.443 3.085 1.718 4.927 C
-0.724 1.841 -2.686 2.876 -4.614 2.434 C
-15.909 -3.64 -31.241 -2.519 -42.74 2.327 C
-9.296 3.918 -16.054 10.255 -17.952 18.591 C
-1.898 8.338 1.448 16.988 8.128 24.563 C
8.264 9.372 21.595 17.054 37.507 20.695 C
1.929 0.441 3.245 2.226 3.097 4.199 C
-0.148 1.973 -1.716 3.541 -3.689 3.689 C
-16.275 1.223 -30.599 6.827 -40.164 14.859 C
-7.73 6.492 -12.324 14.545 -11.687 23.072 C
0.638 8.526 6.377 15.802 14.986 21.066 C
10.651 6.512 25.647 9.913 41.921 8.69 C
1.973 -0.148 3.758 1.168 4.199 3.097 C
0.441 1.928 -0.594 3.89 -2.435 4.614 C
-15.192 5.978 -27.232 15.566 -34.011 26.067 C
-5.481 8.491 -7.505 17.546 -4.389 25.507 C
3.116 7.96 10.742 13.216 20.518 15.7 C
12.091 3.072 27.416 1.889 42.603 -4.087 C
1.841 -0.724 3.936 0.006 4.927 1.719 C
0.991 1.712 0.581 3.892 -0.964 5.128 C
-12.758 10.2 -21.444 22.917 -24.837 34.953 C
-2.745 9.737 -2.02 18.992 3.301 25.681 C
5.319 6.687 14.155 9.454 24.231 8.935 C
12.454 -0.641 26.745 -6.3 39.496 -16.495 C
1.546 -1.236 3.763 -1.155 5.215 0.189 C
1.452 1.344 1.703 3.548 0.59 5.185 C
-9.189 13.512 -13.75 28.226 -13.458 40.728 C
0.236 10.12 3.648 18.755 10.702 23.577 C
7.051 4.819 16.313 4.848 25.792 1.37 C
11.709 -4.295 23.696 -13.925 32.881 -27.431 C
1.113 -1.637 3.255 -2.213 5.039 -1.356 C
1.784 0.857 2.673 2.89 2.091 4.781 C
-4.806 15.623 -4.841 31.026 -0.891 42.884 C
3.199 9.606 8.998 16.852 17.158 19.376 C
8.158 2.523 17.019 -0.19 25.057 -6.319 C
9.924 -7.567 18.545 -20.31 23.35 -35.928 C
h
0.494 0.251 0.129 sc
f*
200.117 366.468 m
10.456 0 18.945 -8.489 18.945 -18.945 C
0 -10.456 -8.489 -18.944 -18.945 -18.944 C
-10.456 0 -18.944 8.488 -18.944 18.944 C
0 10.456 8.488 18.945 18.944 18.945 C
h
0.894 0.647 0.486 sc
f*
200.117 370.468 m
-6.332 0 -12.068 -2.57 -16.221 -6.723 C
-4.154 -4.154 -6.723 -9.89 -6.723 -16.222 C
0 -6.332 2.569 -12.068 6.723 -16.221 C
4.153 -4.154 9.889 -6.723 16.221 -6.723 C
6.332 0 12.068 2.569 16.222 6.723 C
4.153 4.153 6.723 9.889 6.723 16.221 C
0 6.332 -2.57 12.068 -6.723 16.222 C
-4.154 4.153 -9.89 6.723 -16.222 6.723 C
h
200.117 362.468 m
4.124 0 7.86 -1.675 10.565 -4.38 C
2.705 -2.705 4.38 -6.441 4.38 -10.565 C
0 -4.124 -1.675 -7.86 -4.38 -10.565 C
-2.705 -2.705 -6.441 -4.379 -10.565 -4.379 C
-4.124 0 -7.86 1.674 -10.565 4.379 C
-2.705 2.705 -4.379 6.441 -4.379 10.565 C
0 4.124 1.674 7.86 4.379 10.565 C
2.705 2.705 6.441 4.38 10.565 4.38 C
h
0.494 0.251 0.129 sc
f*
428.443 245.7 m
-10.456 0 -18.945 8.488 -18.945 18.944 C
0 10.456 8.489 18.945 18.945 18.945 C
10.455 0 18.944 -8.489 18.944 -18.945 C
0 -10.456 -8.489 -18.944 -18.944 -18.944 C
h
0.894 0.647 0.486 sc
f*
428.443 241.7 m
6.331 0 12.068 2.569 16.221 6.723 C
4.154 4.153 6.723 9.889 6.723 16.221 C
0 6.332 -2.569 12.068 -6.723 16.222 C
-4.153 4.153 -9.89 6.723 -16.221 6.723 C
-6.332 0 -12.069 -2.57 -16.222 -6.723 C
-4.153 -4.154 -6.723 -9.89 -6.723 -16.222 C
0 -6.332 2.57 -12.068 6.723 -16.221 C
4.153 -4.154 9.89 -6.723 16.222 -6.723 C
h
428.443 249.7 m
-4.124 0 -7.86 1.674 -10.565 4.379 C
-2.705 2.705 -4.38 6.441 -4.38 10.565 C
0 4.124 1.675 7.86 4.38 10.565 C
2.705 2.705 6.441 4.38 10.565 4.38 C
4.124 0 7.859 -1.675 10.564 -4.38 C
2.705 -2.705 4.38 -6.441 4.38 -10.565 C
0 -4.124 -1.675 -7.86 -4.38 -10.565 C
-2.705 -2.705 -6.44 -4.379 -10.564 -4.379 C
h
0.494 0.251 0.129 sc
f*
317.368 330.703 m
10.456 0 18.945 -8.488 18.945 -18.944 C
0 -10.456 -8.489 -18.945 -18.945 -18.945 C
-10.455 0 -18.944 8.489 -18.944 18.945 C
0 10.456 8.489 18.944 18.944 18.944 C
h
0.894 0.647 0.486 sc
f*
317.368 334.703 m
-6.331 0 -12.068 -2.569 -16.221 -6.723 C
-4.153 -4.153 -6.723 -9.889 -6.723 -16.221 C
0 -6.332 2.57 -12.069 6.723 -16.222 C
4.153 -4.153 9.89 -6.723 16.221 -6.723 C
6.332 0 12.069 2.57 16.222 6.723 C
4.153 4.153 6.723 9.89 6.723 16.222 C
0 6.332 -2.57 12.068 -6.723 16.221 C
-4.153 4.154 -9.89 6.723 -16.222 6.723 C
h
317.368 326.703 m
4.124 0 7.86 -1.674 10.565 -4.379 C
2.705 -2.705 4.38 -6.441 4.38 -10.565 C
0 -4.124 -1.675 -7.86 -4.38 -10.565 C
-2.705 -2.705 -6.441 -4.38 -10.565 -4.38 C
-4.123 0 -7.859 1.675 -10.564 4.38 C
-2.705 2.705 -4.38 6.441 -4.38 10.565 C
0 4.124 1.675 7.86 4.38 10.565 C
2.705 2.705 6.441 4.379 10.564 4.379 C
h
0.494 0.251 0.129 sc
f*
304.519 436.548 m
10.456 0 18.944 -8.489 18.944 -18.944 C
0 -10.456 -8.488 -18.945 -18.944 -18.945 C
-10.456 0 -18.945 8.489 -18.945 18.945 C
0 10.455 8.489 18.944 18.945 18.944 C
h
0.894 0.647 0.486 sc
f*
304.519 440.548 m
-6.332 0 -12.068 -2.57 -16.222 -6.723 C
-4.153 -4.153 -6.723 -9.89 -6.723 -16.221 C
0 -6.332 2.57 -12.069 6.723 -16.222 C
4.154 -4.153 9.89 -6.723 16.222 -6.723 C
6.332 0 12.068 2.57 16.221 6.723 C
4.154 4.153 6.723 9.89 6.723 16.222 C
0 6.331 -2.569 12.068 -6.723 16.221 C
-4.153 4.153 -9.889 6.723 -16.221 6.723 C
h
304.519 432.548 m
4.124 0 7.86 -1.675 10.565 -4.38 C
2.705 -2.705 4.379 -6.44 4.379 -10.564 C
0 -4.124 -1.674 -7.86 -4.379 -10.565 C
-2.705 -2.705 -6.441 -4.38 -10.565 -4.38 C
-4.124 0 -7.86 1.675 -10.565 4.38 C
-2.705 2.705 -4.38 6.441 -4.38 10.565 C
0 4.124 1.675 7.859 4.38 10.564 C
2.705 2.705 6.441 4.38 10.565 4.38 C
h
0.494 0.251 0.129 sc
f*
324.041 175.619 m
-10.456 0 -18.945 8.489 -18.945 18.945 C
0 10.455 8.489 18.944 18.945 18.944 C
10.456 0 18.944 -8.489 18.944 -18.944 C
0 -10.456 -8.488 -18.945 -18.944 -18.945 C
h
0.894 0.647 0.486 sc
f*
324.041 171.619 m
6.332 0 12.068 2.57 16.221 6.723 C
4.154 4.153 6.723 9.89 6.723 16.222 C
0 6.331 -2.569 12.068 -6.723 16.221 C
-4.153 4.153 -9.889 6.723 -16.221 6.723 C
-6.332 0 -12.068 -2.57 -16.222 -6.723 C
-4.153 -4.153 -6.723 -9.89 -6.723 -16.221 C
0 -6.332 2.57 -12.069 6.723 -16.222 C
4.154 -4.153 9.89 -6.723 16.222 -6.723 C
h
324.041 179.619 m
-4.124 0 -7.86 1.675 -10.565 4.38 C
-2.705 2.705 -4.38 6.441 -4.38 10.565 C
0 4.124 1.675 7.859 4.38 10.564 C
2.705 2.705 6.441 4.38 10.565 4.38 C
4.124 0 7.86 -1.675 10.565 -4.38 C
2.705 -2.705 4.379 -6.44 4.379 -10.564 C
0 -4.124 -1.674 -7.86 -4.379 -10.565 C
-2.705 -2.705 -6.441 -4.38 -10.565 -4.38 C
h
0.494 0.251 0.129 sc
f*
415.236 388.449 m
10.456 0 18.944 -8.488 18.944 -18.944 C
0 -10.456 -8.488 -18.945 -18.944 -18.945 C
-10.456 0 -18.945 8.489 -18.945 18.945 C
0 10.456 8.489 18.944 18.945 18.944 C
h
0.894 0.647 0.486 sc
f*
415.236 392.449 m
-6.332 0 -12.068 -2.569 -16.222 -6.723 C
-4.153 -4.153 -6.723 -9.889 -6.723 -16.221 C
0 -6.332 2.57 -12.069 6.723 -16.222 C
4.154 -4.153 9.89 -6.723 16.222 -6.723 C
6.332 0 12.068 2.57 16.221 6.723 C
4.154 4.153 6.723 9.89 6.723 16.222 C
0 6.332 -2.569 12.068 -6.723 16.221 C
-4.153 4.154 -9.889 6.723 -16.221 6.723 C
h
415.236 384.449 m
4.124 0 7.86 -1.674 10.565 -4.379 C
2.705 -2.706 4.379 -6.441 4.379 -10.565 C
0 -4.124 -1.674 -7.86 -4.379 -10.565 C
-2.705 -2.705 -6.441 -4.38 -10.565 -4.38 C
-4.124 0 -7.86 1.675 -10.565 4.38 C
-2.705 2.705 -4.38 6.441 -4.38 10.565 C
0 4.124 1.675 7.859 4.38 10.565 C
2.705 2.705 6.441 4.379 10.565 4.379 C
h
0.494 0.251 0.129 sc
f*
213.324 223.718 m
-10.456 0 -18.945 8.489 -18.945 18.944 C
0 10.456 8.489 18.945 18.945 18.945 C
10.456 0 18.944 -8.489 18.944 -18.945 C
0 -10.455 -8.488 -18.944 -18.944 -18.944 C
h
0.894 0.647 0.486 sc
f*
213.324 219.718 m
6.332 0 12.068 2.57 16.221 6.723 C
4.154 4.153 6.723 9.89 6.723 16.221 C
0 6.332 -2.569 12.069 -6.723 16.222 C
-4.153 4.153 -9.889 6.723 -16.221 6.723 C
-6.332 0 -12.068 -2.57 -16.222 -6.723 C
-4.153 -4.153 -6.723 -9.89 -6.723 -16.222 C
0 -6.331 2.57 -12.068 6.723 -16.221 C
4.154 -4.153 9.89 -6.723 16.222 -6.723 C
h
213.324 227.718 m
-4.124 0 -7.86 1.675 -10.565 4.38 C
-2.705 2.705 -4.38 6.441 -4.38 10.564 C
0 4.124 1.675 7.86 4.38 10.565 C
2.705 2.705 6.441 4.38 10.565 4.38 C
4.124 0 7.86 -1.675 10.565 -4.38 C
2.705 -2.705 4.379 -6.441 4.379 -10.565 C
0 -4.123 -1.674 -7.859 -4.379 -10.564 C
-2.705 -2.705 -6.441 -4.38 -10.565 -4.38 C
h
0.494 0.251 0.129 sc
f*
Q
showpage
end